6017155459
6017155505
6017155520
6017155570
6017155596
6017155641
6017156297
6017156312
6017156878
6017157818
6017158198
6017158479
6017158795
6017159020
6017159207
6017161244
6017161774
6017162058
6017162349
6017162956
6017163033
6017163099
6017163156
6017163162
6017163173
6017163178
6017163227
6017163234
6017163327
6017163521
6017163654
6017163658
6017163686
6017163834
6017164017
6017164182
6017164190
6017164310
6017164473
6017164885
6017164892
6017164910
6017164932
6017164952
6017164955
6017165280
6017165838
6017166013
6017166211
6017166518
6017166643
6017166815
6017167011
6017167329
6017167330
6017167335
6017167342
6017167344
6017167345
6017167346
6017167347
6017167348
6017167351
6017167497
6017167560
6017167635
6017167644
6017167833
6017168083
6017168086
6017168115
6017168125
6017168127
6017168128
6017168143
6017168148
6017168151
6017168226
6017168297
6017168328
6017168389
6017168396
6017168397
6017168399
6017168521
6017168549
6017168585
6017168591
6017168633
6017168637
6017168676
6017168678
6017168679
6017168680
6017168702
6017168734
6017168743
6017168762
6017168766
6017168790
6017168792
6017168993
6017169008
6017169014
6017169025
6017169026
6017169061
6017169106
6017169143
6017169208
6017169317
6017169335
6017169337
6017169348
6017169385
6017169386
6017169387
6017169389
6017169390
6017169393
6017169397
6017169444
6017169464
6017169483
6017169484
6017169513
6017169516
6017169520
6017169521
6017169522
6017169523
6017169524
6017169525
6017169526
6017169527
6017169528
6017169530
6017169532
6017169534
6017169535
6017169536
6017169537
6017169538
6017169539
6017169540
6017169542
6017169543
6017169544
6017169546
6017169547
6017169549
6017169550
6017169557
6017169558
6017169559
6017169560
6017169561
6017169562
6017169564
6017169581
6017169602
6017169604
6017169620
6017169632
6017169634
6017169636
6017169637
6017169644
6017169647
6017169648
6017169649
6017169650
6017169651
6017169653
6017169656
6017169657
6017169658
6017169660
6017169662
6017169663
6017169665
6017169666
6017169667
6017169668
6017169669
6017169671
6017169672
6017169673
6017169675
6017169676
6017169677
6017169678
6017169682
6017169687
6017169689
6017169690
6017169692
6017169693
6017169694
6017169696
6017169697
6017169698
6017169704
6017169708
6017169709
6017169710
6017169713
6017169714
6017169777
6017169862
6017169866
6017169871
6017169872
6017169873
6017169874
6017169943
6017169948
6017169949
6017169963
6017169975
6017170062
6017170066
6017170067
6017170110
6017170190
6017170191
6017170276
6017170311
6017274015
6017274281
6017275986
6017298489
6017298629
6017298935
6017311176
6017311180
6017311190
6017311571
6017311610
6017312797
6017313951
6017315752
6017316503
6017316877
6017317184
6017319767
6017319773
6017319775
6017319777
6017319779
6017319783
6017319787
6017319790
6017319791
6017319796
6017319797
6017319801
6017319860
6017319901
6017319911
6017319919
6017319970
6017319980
6017320018
6017320022
6017320033
6017320103
6017320117
6017320127
6017320133
6017320169
6017320229
6017321362
6017321740
6017334669
6017335821
6017338349
6017338360
6017338726
6017338728
6017338738
6017338739
6017338895
6017338899
6017338901
6017338922
6017339451
6017339459
6017339473
6017339517
6017339528
6017339532
6017340272
6017340615
6017341154
6017341178
6017441526
6017441927
6017443140
6017444394
6017444398
6017444400
6017444692
6017444707
6017444934
6017444995
6017444997
6017445000
6017445062
6017445063
