6015187648
6015188505
6015188618
6015188913
6015189402
6015189448
6015189677
6015189881
6015190725
6015192037
6015192096
6015192174
6015192302
6015292747
6015292958
6015293353
6015395106
6015395206
6015395207
6015395290
6015396487
6015498428
6015498953
6015499056
6015502902
6015502904
6015502905
6015502913
6015502914
6015504368
6015504370
6015504399
6015504411
6015504440
6015505762
6015511718
6015514007
6015518573
6015518669
6015531172
6015531368
6015532620
6015532692
6015533091
6015533125
6015533359
6015533451
6015535192
6015537148
6015539348
6015541246
6015543693
6015544222
6015546057
6015546843
6015554579
6015555852
6015588002
6015588273
6015589141
6015590870
6015594224
6015603597
6015650255
6015653178
6015656321
6015656786
6015657975
6015658477
6015658664
6015658682
6015658712
6015658756
6015658765
6015658767
6015658781
6015658782
6015658835
6015664859
6015665035
6015694441
6015795098
6015795712
6015795759
6015795870
6015952800
6015953021
6016053233
6016053286
6016053290
6016053316
6016053317
6016055050
6016055700
6016056837
6016059632
6016059635
6016059868
6016060455
6016060665
6016060843
6016060847
6016060860
6016061184
6016061901
6016062562
6016063152
6016063373
6016064710
6016165079
6016165892
6016166806
6016166922
6016166985
6016167797
6016170935
6016171932
6016172194
6016172959
6016373975
6016374102
6016374502
6016377646
6016377653
6016478305
6016478375
6016478862
6016483342
6016585081
6016803315
6016823115
6016823787
6016823907
6016824249
6016825485
6016825488
6016825491
6016825492
6016825586
6016825865
6016826059
6016826070
6016826084
6016826086
6016826150
6016826180
6016826222
6016826287
6016826626
6016832625
6016832730
6016833918
6016834286
6016835017
6016835078
6016836065
6016836252
6016836290
6016836310
6016840183
6016841189
6016842168
6016843275
6016844923
6016873725
6016873771
6016875907
6016876882
6016878033
6016878600
6016878733
6016879134
6016985905
6016987421
6016988035
6016995835
6017023786
6017026406
6017032015
6017032228
6017032232
6017032854
6017033072
6017034216
6017034751
6017034956
6017034977
6017035055
6017036098
6017036167
6017036855
6017036871
6017037201
6017038445
6017039073
6017039075
6017039320
6017039588
6017039687
6017039820
6017041512
6017041898
6017042818
6017091585
6017092267
6017092335
6017092891
6017092892
6017092893
6017093465
6017093640
6017093673
6017093685
6017093721
6017093762
6017093793
6017093885
6017094103
6017094119
6017094261
6017094326
6017094338
6017094460
6017095871
6017096238
6017097575
6017098132
6017098323
6017098325
6017098400
6017098401
6017098468
6017098469
6017098470
6017098474
6017098475
6017098476
6017098477
6017098485
6017098831
6017105739
6017106109
6017106212
6017106267
6017106581
6017106587
6017106645
6017107815
6017108138
6017108145
6017108146
6017108361
6017108478
6017109082
6017109315
6017109366
6017109367
6017109717
6017109826
6017109846
6017110189
6017110190
6017110192
6017110193
6017110195
6017110197
6017110198
6017110419
6017110602
6017110603
6017110605
6017110606
6017110609
6017110610
6017110612
6017110613
6017110614
6017110615
6017110616
6017110617
6017110619
6017110620
6017110621
6017111011
6017111101
6017111603
6017111953
6017112035
6017112276
6017112281
6017112933
6017112935
6017112952
6017112955
6017112956
6017113439
6017113972
6017114035
6017114611
6017115114
6017115147
6017115208
6017115534
6017115925
6017116082
6017116118
6017116120
6017116122
6017116130
6017116132
6017116133
6017116138
6017116139
6017116140
6017116141
6017116143
6017116161
6017116165
6017116174
6017116220
6017116859
6017116876
6017116897
6017116914
6017116925
6017116929
6017116931
6017116933
6017116935
6017116971
6017116975
6017116978
6017116985
6017117851
6017117859
6017117862
6017117864
6017118997
6017125958
6017126661
6017127444
6017129629
6017132070
6017133195
6017136040
6017137951
6017137972
6017138708
6017138749
6017140374
6017140989
6017141476
6017142762
6017144168
6017147141
6017147144
6017151001
6017151008
6017151015
6017152933
6017152934
6017152935
6017152936
6017152937
6017153012
6017153018
6017153026
6017153028
6017153031
6017153040
6017153072
6017153075
6017153077
6017153089
6017153101
6017153111
6017153799
6017155457
6017155509
6017155519
6017155568
6017155569
6017155573
6017156044
6017157161
6017157893
6017158061
6017158064
6017158066
6017158070
6017158073
6017158077
6017158080
6017158081
6017158083
6017158084
6017158085
6017158086
6017158087
6017158088
6017158089
6017158091
6017158094
6017158321
6017158790
6017160214
6017160499
6017160765
6017160773
6017161730
6017162336
6017162976
6017163213
6017163215
6017163216
6017163243
6017163245
6017163251
6017163252
6017163254
6017163278
6017163280
6017163283
6017163285
6017163287
6017163297
6017163303
6017163449
6017163450
6017163452
6017163454
6017163464
6017163466
6017163586
6017163592
6017163601
6017163604
6017163606
6017163619
6017163622
6017163667
6017164345
6017165800
6017273458
6017274995
6017275074
6017275113
6017275327
6017275423
6017275736
6017275790
6017275912
6017275933
6017276009
6017276080
6017297757
6017311210
6017311220
6017311226
6017311243
6017311257
6017311497
6017311515
6017311538
6017311584
6017315817
6017315835
6017316513
6017319892
6017321377
6017324856
6017334664
6017334674
6017335595
6017335629
6017338719
6017338724
6017338731
6017338735
6017338896
6017338897
6017338902
6017339516
6017339526
6017339534
6017339538
6017341190
6017341191
6017441230
6017441651
6017441652
6017441654
6017441669
6017444406
6017444408
6017444420
6017444425
6017444427
6017444924
6017445006
